0000000000000000000000000000000000000000
0000111111111111111111111111111111100000
0000011111111222222222222111111111110000
0000000111111222223222222222211110000000
0000011111111222233333322222111100000000
0000121111122222233343333222222111100000
0001111122222233334444433322111111000000
0000001111111222223333322233332222111100
0000000111111111222232222222111111110000
0000000000001111111122111111111000000000
0000000000000000011111111000000001111000
0000000000001111111000000000000111221110
0000001111111222221111111111100011232100
0000011112223333322222111111111122343210
0000001223332222111111100000112233432100
0000000112221111111111000000023322321000
0000000011232211111111110001122211221000
0000000111121111111111111011111111110000
0000000011111111111111111111111110000000
0000001111110001111112222211111111110000
0000111111100000111112223322211111111100
0000012222111111121111122211111111110000
0000011111000001111111111111111110000000
0000000000011100000000001111100000000000
0000000000122210000000012222111000000000
0000000001233221000000001111100000000000
0000000000122210000000000010000001111000
0000000000011100000000000000000011111000
0000000000001000000111110000000000111000
0000000000000000000011111000000000001000
0000000011111000000111110000000000000000
0001111111111111112222111100000000000000
0011222222111111123333221111100000000000
0000111111110000112222111100000000000000
0000000001110000111111110000000000010000
0000000000000000000000000000000111121100
0000000000000000000000000000001111111110
0111111111111111110000000000000000000000
0111222222222222111111100000000000000000
0000000000000000000000000000000000000000
